c_x=16.101476669311523&c_y=48.19499206542969&c_z=-6.419689655303955&c_d=9.043378897832516&c_pi=0.18358272810393592&c_ya=-1.5328604687418066&name=Statues
c_x=6.679915428161621&c_y=26.17081069946289&c_z=26.923635482788086&c_d=383.86487992731486&c_pi=-0.40007187632263697&c_ya=-1.8374743996843377&name=Top
c_x=-4.154476642608643&c_y=-28.312353134155273&c_z=4.366800785064697&c_d=8.638232550108167&c_pi=-0.06839248064104943&c_ya=-2.9404942962718854&name=Chandelier
