c_x=586348.6875&c_y=4139337&c_z=5016.25732421875&c_d=67176.72744431808&c_pi=-0.8129776021020935&c_ya=-13.853275425073763&name=Top
c_x=581545.5&c_y=4140893.25&c_z=-14.024476051330566&c_d=371.47112273242&c_pi=-0.28076611531453505&c_ya=-13.45266844480057&name=270