c_x=-21.8719482421875&c_y=23.099876403808594&c_z=6.041727542877197&c_d=127.89455108702803&c_pi=-0.415841046791977&c_ya=-0.9710237814024046&name=Top
c_x=-17.64627456665039&c_y=27.285133361816406&c_z=4.5228271484375&c_d=4.458710516809276&c_pi=-0.0009462099034999172&c_ya=-1.5797560389592638&name=Inside
c_x=-26.546398162841797&c_y=11.479421615600586&c_z=5.09588623046875&c_d=8.37990843408048&c_pi=0.5842358078602606&c_ya=1.160943275971962&name=Up
c_x=-24.33699607849121&c_y=8.121445655822754&c_z=3.2133700847625732&c_d=12.076963478190248&c_pi=0.23415881267132752&c_ya=3.09832126231486&name=Picture
